             x:   Numerical solution:  Exact solution:  Absolute error:  Relative error:
      0.0000000             0.0000000        0.0000000        0.0000000        0.0000000
    0.090909091            0.47273682       0.50620471     -0.033467895      0.066115337
     0.18181818            0.61250643       0.65586946     -0.043363031      0.066115337
     0.27272727            0.61812678       0.66188771     -0.043760929      0.066115337
     0.36363636            0.56969968       0.61003216     -0.040332482      0.066115337
     0.45454545            0.49949740       0.53485984     -0.035362438      0.066115337
     0.54545455            0.42052210       0.45029340     -0.029771300      0.066115337
     0.63636364            0.33801224       0.36194216     -0.023929928      0.066115337
     0.72727273            0.25407833       0.27206607     -0.017987740      0.066115337
     0.81818182            0.16957070       0.18157563     -0.012004934      0.066115337
     0.90909091           0.084831914      0.090837678    -0.0060057637      0.066115337
      1.0000000             0.0000000        0.0000000        0.0000000        0.0000000
