             x:   Numerical solution:  Exact solution:  Absolute error:  Relative error:
      0.0000000             0.0000000        0.0000000        0.0000000        0.0000000
  0.00099900100          0.0089412456     0.0089413199   -7.4361830e-08    8.3166502e-06
   0.0019980020           0.017783683      0.017783831   -1.4790190e-07    8.3166501e-06
   0.0029970030           0.026528294      0.026528515   -2.2062838e-07    8.3166502e-06
   0.0039960040           0.035176052      0.035176344   -2.9254935e-07    8.3166501e-06
   0.0049950050           0.043727918      0.043728282   -3.6367282e-07    8.3166501e-06
   0.0059940060           0.052184847      0.052185281   -4.3400673e-07    8.3166501e-06
   0.0069930070           0.060547782      0.060548286   -5.0355891e-07    8.3166501e-06
   0.0079920080           0.068817658      0.068818230   -5.7233714e-07    8.3166501e-06
   0.0089910090           0.076995398      0.076996039   -6.4034912e-07    8.3166501e-06
   0.0099900100           0.085081920      0.085082628   -7.0760245e-07    8.3166501e-06
    0.010989011           0.093078130      0.093078904   -7.7410468e-07    8.3166501e-06
    0.011988012            0.10098493       0.10098577   -8.3986328e-07    8.3166501e-06
    0.012987013            0.10880320       0.10880410   -9.0488563e-07    8.3166501e-06
    0.013986014            0.11653382       0.11653479   -9.6917907e-07    8.3166501e-06
    0.014985015            0.12417767       0.12417870   -1.0327508e-06    8.3166501e-06
    0.015984016            0.13173561       0.13173670   -1.0956081e-06    8.3166501e-06
    0.016983017            0.13920849       0.13920965   -1.1577579e-06    8.3166501e-06
    0.017982018            0.14659716       0.14659838   -1.2192074e-06    8.3166501e-06
    0.018981019            0.15390245       0.15390373   -1.2799635e-06    8.3166501e-06
    0.019980020            0.16112520       0.16112654   -1.3400330e-06    8.3166501e-06
    0.020979021            0.16826622       0.16826762   -1.3994229e-06    8.3166501e-06
    0.021978022            0.17532632       0.17532778   -1.4581398e-06    8.3166501e-06
    0.022977023            0.18230632       0.18230784   -1.5161905e-06    8.3166501e-06
    0.023976024            0.18920701       0.18920858   -1.5735816e-06    8.3166501e-06
    0.024975025            0.19602917       0.19603080   -1.6303195e-06    8.3166501e-06
    0.025974026            0.20277358       0.20277527   -1.6864110e-06    8.3166501e-06
    0.026973027            0.20944103       0.20944277   -1.7418622e-06    8.3166501e-06
    0.027972028            0.21603227       0.21603406   -1.7966797e-06    8.3166501e-06
    0.028971029            0.22254806       0.22254991   -1.8508697e-06    8.3166501e-06
    0.029970030            0.22898915       0.22899105   -1.9044385e-06    8.3166501e-06
    0.030969031            0.23535628       0.23535824   -1.9573922e-06    8.3166501e-06
    0.031968032            0.24165020       0.24165221   -2.0097369e-06    8.3166501e-06
    0.032967033            0.24787162       0.24787368   -2.0614787e-06    8.3166501e-06
    0.033966034            0.25402127       0.25402338   -2.1126236e-06    8.3166501e-06
    0.034965035            0.26009986       0.26010203   -2.1631775e-06    8.3166501e-06
    0.035964036            0.26610810       0.26611031   -2.2131464e-06    8.3166501e-06
    0.036963037            0.27204668       0.27204895   -2.2625359e-06    8.3166501e-06
    0.037962038            0.27791631       0.27791862   -2.3113519e-06    8.3166501e-06
    0.038961039            0.28371766       0.28372002   -2.3596001e-06    8.3166501e-06
    0.039960040            0.28945141       0.28945381   -2.4072861e-06    8.3166501e-06
    0.040959041            0.29511823       0.29512069   -2.4544155e-06    8.3166501e-06
    0.041958042            0.30071880       0.30072130   -2.5009939e-06    8.3166501e-06
    0.042957043            0.30625377       0.30625631   -2.5470266e-06    8.3166501e-06
    0.043956044            0.31172378       0.31172638   -2.5925192e-06    8.3166501e-06
    0.044955045            0.31712950       0.31713213   -2.6374770e-06    8.3166501e-06
    0.045954046            0.32247155       0.32247423   -2.6819053e-06    8.3166501e-06
    0.046953047            0.32775056       0.32775329   -2.7258094e-06    8.3166501e-06
    0.047952048            0.33296718       0.33296995   -2.7691946e-06    8.3166501e-06
    0.048951049            0.33812201       0.33812482   -2.8120658e-06    8.3166501e-06
    0.049950050            0.34321567       0.34321852   -2.8544284e-06    8.3166501e-06
    0.050949051            0.34824876       0.34825166   -2.8962872e-06    8.3166501e-06
    0.051948052            0.35322190       0.35322484   -2.9376474e-06    8.3166501e-06
    0.052947053            0.35813567       0.35813865   -2.9785139e-06    8.3166501e-06
    0.053946054            0.36299067       0.36299369   -3.0188915e-06    8.3166501e-06
    0.054945055            0.36778748       0.36779054   -3.0587852e-06    8.3166501e-06
    0.055944056            0.37252667       0.37252977   -3.0981998e-06    8.3166501e-06
    0.056943057            0.37720883       0.37721197   -3.1371400e-06    8.3166501e-06
    0.057942058            0.38183452       0.38183770   -3.1756105e-06    8.3166501e-06
    0.058941059            0.38640430       0.38640751   -3.2136161e-06    8.3166501e-06
    0.059940060            0.39091872       0.39092197   -3.2511612e-06    8.3166501e-06
    0.060939061            0.39537833       0.39538162   -3.2882506e-06    8.3166501e-06
    0.061938062            0.39978369       0.39978702   -3.3248888e-06    8.3166501e-06
    0.062937063            0.40413533       0.40413869   -3.3610801e-06    8.3166501e-06
    0.063936064            0.40843378       0.40843718   -3.3968291e-06    8.3166501e-06
    0.064935065            0.41267957       0.41268301   -3.4321402e-06    8.3166501e-06
    0.065934066            0.41687323       0.41687670   -3.4670177e-06    8.3166501e-06
    0.066933067            0.42101528       0.42101878   -3.5014659e-06    8.3166501e-06
    0.067932068            0.42510622       0.42510975   -3.5354891e-06    8.3166501e-06
    0.068931069            0.42914656       0.42915013   -3.5690915e-06    8.3166501e-06
    0.069930070            0.43313681       0.43314042   -3.6022773e-06    8.3166501e-06
    0.070929071            0.43707747       0.43708111   -3.6350507e-06    8.3166501e-06
    0.071928072            0.44096903       0.44097270   -3.6674157e-06    8.3166501e-06
    0.072927073            0.44481198       0.44481568   -3.6993764e-06    8.3166501e-06
    0.073926074            0.44860679       0.44861052   -3.7309368e-06    8.3166501e-06
    0.074925075            0.45235396       0.45235772   -3.7621009e-06    8.3166501e-06
    0.075924076            0.45605394       0.45605774   -3.7928726e-06    8.3166501e-06
    0.076923077            0.45970722       0.45971105   -3.8232559e-06    8.3166501e-06
    0.077922078            0.46331426       0.46331811   -3.8532546e-06    8.3166501e-06
    0.078921079            0.46687551       0.46687939   -3.8828725e-06    8.3166501e-06
    0.079920080            0.47039142       0.47039534   -3.9121134e-06    8.3166501e-06
    0.080919081            0.47386246       0.47386641   -3.9409811e-06    8.3166501e-06
    0.081918082            0.47728907       0.47729304   -3.9694792e-06    8.3166501e-06
    0.082917083            0.48067169       0.48067569   -3.9976115e-06    8.3166501e-06
    0.083916084            0.48401075       0.48401478   -4.0253816e-06    8.3166501e-06
    0.084915085            0.48730669       0.48731074   -4.0527930e-06    8.3166501e-06
    0.085914086            0.49055994       0.49056402   -4.0798493e-06    8.3166501e-06
    0.086913087            0.49377092       0.49377503   -4.1065542e-06    8.3166501e-06
    0.087912088            0.49694005       0.49694419   -4.1329109e-06    8.3166501e-06
    0.088911089            0.50006776       0.50007191   -4.1589232e-06    8.3166501e-06
    0.089910090            0.50315444       0.50315862   -4.1845942e-06    8.3166501e-06
    0.090909091            0.50620050       0.50620471   -4.2099275e-06    8.3166501e-06
    0.091908092            0.50920637       0.50921060   -4.2349264e-06    8.3166501e-06
    0.092907093            0.51217242       0.51217668   -4.2595942e-06    8.3166501e-06
    0.093906094            0.51509905       0.51510334   -4.2839343e-06    8.3166501e-06
    0.094905095            0.51798667       0.51799098   -4.3079497e-06    8.3166501e-06
    0.095904096            0.52083565       0.52083999   -4.3316439e-06    8.3166501e-06
    0.096903097            0.52364639       0.52365074   -4.3550200e-06    8.3166501e-06
    0.097902098            0.52641925       0.52642363   -4.3780812e-06    8.3166501e-06
    0.098901099            0.52915462       0.52915902   -4.4008305e-06    8.3166501e-06
    0.099900100            0.53185288       0.53185730   -4.4232711e-06    8.3166501e-06
     0.10089910            0.53451438       0.53451882   -4.4454060e-06    8.3166501e-06
     0.10189810            0.53713949       0.53714396   -4.4672384e-06    8.3166501e-06
     0.10289710            0.53972858       0.53973307   -4.4887711e-06    8.3166501e-06
     0.10389610            0.54228200       0.54228651   -4.5100072e-06    8.3166501e-06
     0.10489510            0.54480012       0.54480465   -4.5309497e-06    8.3166501e-06
     0.10589411            0.54728327       0.54728782   -4.5516013e-06    8.3166501e-06
     0.10689311            0.54973181       0.54973638   -4.5719651e-06    8.3166501e-06
     0.10789211            0.55214608       0.55215067   -4.5920439e-06    8.3166501e-06
     0.10889111            0.55452642       0.55453103   -4.6118406e-06    8.3166501e-06
     0.10989011            0.55687317       0.55687780   -4.6313578e-06    8.3166501e-06
     0.11088911            0.55918666       0.55919131   -4.6505985e-06    8.3166501e-06
     0.11188811            0.56146723       0.56147190   -4.6695654e-06    8.3166501e-06
     0.11288711            0.56371520       0.56371989   -4.6882611e-06    8.3166501e-06
     0.11388611            0.56593089       0.56593560   -4.7066884e-06    8.3166501e-06
     0.11488511            0.56811463       0.56811935   -4.7248499e-06    8.3166501e-06
     0.11588412            0.57026673       0.57027147   -4.7427483e-06    8.3166501e-06
     0.11688312            0.57238751       0.57239227   -4.7603862e-06    8.3166501e-06
     0.11788212            0.57447728       0.57448206   -4.7777663e-06    8.3166501e-06
     0.11888112            0.57653634       0.57654114   -4.7948909e-06    8.3166501e-06
     0.11988012            0.57856501       0.57856982   -4.8117628e-06    8.3166501e-06
     0.12087912            0.58056358       0.58056841   -4.8283844e-06    8.3166501e-06
     0.12187812            0.58253236       0.58253720   -4.8447581e-06    8.3166501e-06
     0.12287712            0.58447164       0.58447650   -4.8608865e-06    8.3166501e-06
     0.12387612            0.58638171       0.58638658   -4.8767720e-06    8.3166501e-06
     0.12487512            0.58826286       0.58826775   -4.8924171e-06    8.3166501e-06
     0.12587413            0.59011538       0.59012029   -4.9078240e-06    8.3166501e-06
     0.12687313            0.59193956       0.59194449   -4.9229952e-06    8.3166501e-06
     0.12787213            0.59373568       0.59374062   -4.9379330e-06    8.3166501e-06
     0.12887113            0.59550401       0.59550897   -4.9526397e-06    8.3166501e-06
     0.12987013            0.59724484       0.59724981   -4.9671177e-06    8.3166501e-06
     0.13086913            0.59895843       0.59896341   -4.9813691e-06    8.3166501e-06
     0.13186813            0.60064506       0.60065005   -4.9953964e-06    8.3166501e-06
     0.13286713            0.60230499       0.60231000   -5.0092015e-06    8.3166501e-06
     0.13386613            0.60393849       0.60394352   -5.0227869e-06    8.3166501e-06
     0.13486513            0.60554583       0.60555087   -5.0361547e-06    8.3166501e-06
     0.13586414            0.60712726       0.60713231   -5.0493070e-06    8.3166501e-06
     0.13686314            0.60868304       0.60868810   -5.0622460e-06    8.3166501e-06
     0.13786214            0.61021342       0.61021850   -5.0749737e-06    8.3166501e-06
     0.13886114            0.61171866       0.61172375   -5.0874924e-06    8.3166501e-06
     0.13986014            0.61319901       0.61320411   -5.0998041e-06    8.3166501e-06
     0.14085914            0.61465472       0.61465983   -5.1119108e-06    8.3166501e-06
     0.14185814            0.61608602       0.61609115   -5.1238145e-06    8.3166501e-06
     0.14285714            0.61749317       0.61749831   -5.1355174e-06    8.3166501e-06
     0.14385614            0.61887640       0.61888155   -5.1470213e-06    8.3166501e-06
     0.14485514            0.62023595       0.62024111   -5.1583283e-06    8.3166501e-06
     0.14585415            0.62157206       0.62157723   -5.1694403e-06    8.3166501e-06
     0.14685315            0.62288495       0.62289013   -5.1803593e-06    8.3166501e-06
     0.14785215            0.62417487       0.62418006   -5.1910872e-06    8.3166501e-06
     0.14885115            0.62544203       0.62544723   -5.2016258e-06    8.3166501e-06
     0.14985015            0.62668667       0.62669188   -5.2119771e-06    8.3166501e-06
     0.15084915            0.62790901       0.62791423   -5.2221429e-06    8.3166501e-06
     0.15184815            0.62910926       0.62911449   -5.2321251e-06    8.3166501e-06
     0.15284715            0.63028766       0.63029290   -5.2419255e-06    8.3166501e-06
     0.15384615            0.63144441       0.63144966   -5.2515459e-06    8.3166501e-06
     0.15484515            0.63257973       0.63258499   -5.2609880e-06    8.3166501e-06
     0.15584416            0.63369384       0.63369911   -5.2702538e-06    8.3166501e-06
     0.15684316            0.63478694       0.63479222   -5.2793448e-06    8.3166501e-06
     0.15784216            0.63585925       0.63586454   -5.2882629e-06    8.3166501e-06
     0.15884116            0.63691097       0.63691627   -5.2970097e-06    8.3166501e-06
     0.15984016            0.63794230       0.63794761   -5.3055871e-06    8.3166501e-06
     0.16083916            0.63895346       0.63895877   -5.3139965e-06    8.3166501e-06
     0.16183816            0.63994463       0.63994995   -5.3222398e-06    8.3166501e-06
     0.16283716            0.64091602       0.64092135   -5.3303186e-06    8.3166501e-06
     0.16383616            0.64186782       0.64187316   -5.3382345e-06    8.3166501e-06
     0.16483516            0.64280024       0.64280558   -5.3459891e-06    8.3166501e-06
     0.16583417            0.64371345       0.64371881   -5.3535841e-06    8.3166501e-06
     0.16683317            0.64460766       0.64461302   -5.3610210e-06    8.3166501e-06
     0.16783217            0.64548305       0.64548842   -5.3683013e-06    8.3166501e-06
     0.16883117            0.64633981       0.64634518   -5.3754267e-06    8.3166501e-06
     0.16983017            0.64717812       0.64718350   -5.3823988e-06    8.3166501e-06
     0.17082917            0.64799817       0.64800356   -5.3892189e-06    8.3166501e-06
     0.17182817            0.64880013       0.64880553   -5.3958886e-06    8.3166501e-06
     0.17282717            0.64958420       0.64958960   -5.4024095e-06    8.3166501e-06
     0.17382617            0.65035054       0.65035595   -5.4087829e-06    8.3166501e-06
     0.17482517            0.65109934       0.65110475   -5.4150104e-06    8.3166501e-06
     0.17582418            0.65183076       0.65183618   -5.4210935e-06    8.3166501e-06
     0.17682318            0.65254498       0.65255041   -5.4270334e-06    8.3166501e-06
     0.17782218            0.65324217       0.65324761   -5.4328318e-06    8.3166501e-06
     0.17882118            0.65392250       0.65392794   -5.4384899e-06    8.3166501e-06
     0.17982018            0.65458614       0.65459159   -5.4440092e-06    8.3166501e-06
     0.18081918            0.65523326       0.65523871   -5.4493911e-06    8.3166501e-06
     0.18181818            0.65586401       0.65586946   -5.4546368e-06    8.3166501e-06
     0.18281718            0.65647856       0.65648402   -5.4597479e-06    8.3166501e-06
     0.18381618            0.65707707       0.65708253   -5.4647256e-06    8.3166501e-06
     0.18481518            0.65765970       0.65766517   -5.4695712e-06    8.3166501e-06
     0.18581419            0.65822661       0.65823209   -5.4742860e-06    8.3166501e-06
     0.18681319            0.65877796       0.65878344   -5.4788714e-06    8.3166501e-06
     0.18781219            0.65931390       0.65931938   -5.4833286e-06    8.3166501e-06
     0.18881119            0.65983458       0.65984006   -5.4876590e-06    8.3166501e-06
     0.18981019            0.66034015       0.66034564   -5.4918637e-06    8.3166501e-06
     0.19080919            0.66083077       0.66083626   -5.4959440e-06    8.3166501e-06
     0.19180819            0.66130658       0.66131208   -5.4999012e-06    8.3166501e-06
     0.19280719            0.66176773       0.66177324   -5.5037365e-06    8.3166501e-06
     0.19380619            0.66221437       0.66221988   -5.5074510e-06    8.3166501e-06
     0.19480519            0.66264664       0.66265215   -5.5110461e-06    8.3166501e-06
     0.19580420            0.66306468       0.66307020   -5.5145228e-06    8.3166501e-06
     0.19680320            0.66346864       0.66347416   -5.5178824e-06    8.3166501e-06
     0.19780220            0.66385865       0.66386417   -5.5211261e-06    8.3166501e-06
     0.19880120            0.66423485       0.66424038   -5.5242548e-06    8.3166501e-06
     0.19980020            0.66459739       0.66460292   -5.5272700e-06    8.3166501e-06
     0.20079920            0.66494639       0.66495192   -5.5301725e-06    8.3166501e-06
     0.20179820            0.66528200       0.66528753   -5.5329636e-06    8.3166502e-06
     0.20279720            0.66560433       0.66560987   -5.5356444e-06    8.3166502e-06
     0.20379620            0.66591354       0.66591907   -5.5382160e-06    8.3166502e-06
     0.20479520            0.66620974       0.66621528   -5.5406794e-06    8.3166502e-06
     0.20579421            0.66649306       0.66649860   -5.5430357e-06    8.3166502e-06
     0.20679321            0.66676364       0.66676919   -5.5452861e-06    8.3166502e-06
     0.20779221            0.66702160       0.66702715   -5.5474314e-06    8.3166502e-06
     0.20879121            0.66726707       0.66727262   -5.5494729e-06    8.3166502e-06
     0.20979021            0.66750016       0.66750572   -5.5514115e-06    8.3166502e-06
     0.21078921            0.66772101       0.66772657   -5.5532483e-06    8.3166502e-06
     0.21178821            0.66792974       0.66793529   -5.5549842e-06    8.3166502e-06
     0.21278721            0.66812646       0.66813201   -5.5566202e-06    8.3166502e-06
     0.21378621            0.66831129       0.66831685   -5.5581574e-06    8.3166502e-06
     0.21478521            0.66848436       0.66848992   -5.5595968e-06    8.3166502e-06
     0.21578422            0.66864578       0.66865134   -5.5609393e-06    8.3166502e-06
     0.21678322            0.66879566       0.66880122   -5.5621858e-06    8.3166502e-06
     0.21778222            0.66893412       0.66893969   -5.5633373e-06    8.3166502e-06
     0.21878122            0.66906128       0.66906684   -5.5643949e-06    8.3166502e-06
     0.21978022            0.66917724       0.66918281   -5.5653593e-06    8.3166502e-06
     0.22077922            0.66928212       0.66928769   -5.5662316e-06    8.3166502e-06
     0.22177822            0.66937603       0.66938160   -5.5670126e-06    8.3166502e-06
     0.22277722            0.66945908       0.66946465   -5.5677033e-06    8.3166502e-06
     0.22377622            0.66953137       0.66953694   -5.5683045e-06    8.3166502e-06
     0.22477522            0.66959301       0.66959858   -5.5688171e-06    8.3166502e-06
     0.22577423            0.66964411       0.66964968   -5.5692421e-06    8.3166502e-06
     0.22677323            0.66968477       0.66969034   -5.5695803e-06    8.3166502e-06
     0.22777223            0.66971510       0.66972067   -5.5698325e-06    8.3166502e-06
     0.22877123            0.66973519       0.66974076   -5.5699996e-06    8.3166502e-06
     0.22977023            0.66974516       0.66975073   -5.5700825e-06    8.3166502e-06
     0.23076923            0.66974510       0.66975067   -5.5700820e-06    8.3166502e-06
     0.23176823            0.66973510       0.66974067   -5.5699989e-06    8.3166502e-06
     0.23276723            0.66971528       0.66972085   -5.5698340e-06    8.3166502e-06
     0.23376623            0.66968573       0.66969130   -5.5695882e-06    8.3166502e-06
     0.23476523            0.66964654       0.66965210   -5.5692623e-06    8.3166502e-06
     0.23576424            0.66959780       0.66960337   -5.5688570e-06    8.3166502e-06
     0.23676324            0.66953963       0.66954520   -5.5683732e-06    8.3166502e-06
     0.23776224            0.66947210       0.66947767   -5.5678116e-06    8.3166502e-06
     0.23876124            0.66939531       0.66940088   -5.5671729e-06    8.3166502e-06
     0.23976024            0.66930936       0.66931493   -5.5664581e-06    8.3166502e-06
     0.24075924            0.66921433       0.66921990   -5.5656678e-06    8.3166502e-06
     0.24175824            0.66911032       0.66911588   -5.5648027e-06    8.3166502e-06
     0.24275724            0.66899741       0.66900297   -5.5638637e-06    8.3166502e-06
     0.24375624            0.66887569       0.66888125   -5.5628514e-06    8.3166502e-06
     0.24475524            0.66874525       0.66875081   -5.5617666e-06    8.3166502e-06
     0.24575425            0.66860618       0.66861174   -5.5606100e-06    8.3166502e-06
     0.24675325            0.66845856       0.66846412   -5.5593823e-06    8.3166502e-06
     0.24775225            0.66830248       0.66830804   -5.5580842e-06    8.3166502e-06
     0.24875125            0.66813802       0.66814358   -5.5567164e-06    8.3166502e-06
     0.24975025            0.66796527       0.66797083   -5.5552797e-06    8.3166502e-06
     0.25074925            0.66778431       0.66778986   -5.5537747e-06    8.3166502e-06
     0.25174825            0.66759521       0.66760076   -5.5522020e-06    8.3166502e-06
     0.25274725            0.66739806       0.66740361   -5.5505624e-06    8.3166502e-06
     0.25374625            0.66719294       0.66719849   -5.5488565e-06    8.3166502e-06
     0.25474525            0.66697993       0.66698548   -5.5470849e-06    8.3166502e-06
     0.25574426            0.66675911       0.66676466   -5.5452484e-06    8.3166502e-06
     0.25674326            0.66653056       0.66653610   -5.5433476e-06    8.3166502e-06
     0.25774226            0.66629434       0.66629989   -5.5413831e-06    8.3166502e-06
     0.25874126            0.66605055       0.66605609   -5.5393555e-06    8.3166502e-06
     0.25974026            0.66579925       0.66580479   -5.5372655e-06    8.3166502e-06
     0.26073926            0.66554051       0.66554605   -5.5351137e-06    8.3166502e-06
     0.26173826            0.66527442       0.66527996   -5.5329007e-06    8.3166502e-06
     0.26273726            0.66500105       0.66500658   -5.5306271e-06    8.3166502e-06
     0.26373626            0.66472046       0.66472599   -5.5282935e-06    8.3166502e-06
     0.26473526            0.66443273       0.66443825   -5.5259005e-06    8.3166502e-06
     0.26573427            0.66413793       0.66414345   -5.5234488e-06    8.3166502e-06
     0.26673327            0.66383613       0.66384165   -5.5209388e-06    8.3166502e-06
     0.26773227            0.66352740       0.66353292   -5.5183712e-06    8.3166502e-06
     0.26873127            0.66321181       0.66321733   -5.5157465e-06    8.3166502e-06
     0.26973027            0.66288943       0.66289494   -5.5130654e-06    8.3166502e-06
     0.27072927            0.66256032       0.66256583   -5.5103283e-06    8.3166502e-06
     0.27172827            0.66222456       0.66223007   -5.5075358e-06    8.3166502e-06
     0.27272727            0.66188220       0.66188771   -5.5046885e-06    8.3166502e-06
     0.27372627            0.66153332       0.66153882   -5.5017870e-06    8.3166502e-06
     0.27472527            0.66117797       0.66118347   -5.4988316e-06    8.3166502e-06
     0.27572428            0.66081623       0.66082172   -5.4958231e-06    8.3166502e-06
     0.27672328            0.66044815       0.66045364   -5.4927619e-06    8.3166502e-06
     0.27772228            0.66007380       0.66007929   -5.4896486e-06    8.3166502e-06
     0.27872128            0.65969324       0.65969873   -5.4864836e-06    8.3166502e-06
     0.27972028            0.65930654       0.65931202   -5.4832675e-06    8.3166502e-06
     0.28071928            0.65891375       0.65891923   -5.4800007e-06    8.3166502e-06
     0.28171828            0.65851493       0.65852041   -5.4766839e-06    8.3166502e-06
     0.28271728            0.65811015       0.65811562   -5.4733174e-06    8.3166502e-06
     0.28371628            0.65769946       0.65770493   -5.4699019e-06    8.3166502e-06
     0.28471528            0.65728293       0.65728839   -5.4664377e-06    8.3166502e-06
     0.28571429            0.65686060       0.65686607   -5.4629253e-06    8.3166502e-06
     0.28671329            0.65643255       0.65643801   -5.4593653e-06    8.3166502e-06
     0.28771229            0.65599882       0.65600427   -5.4557581e-06    8.3166502e-06
     0.28871129            0.65555947       0.65556492   -5.4521041e-06    8.3166502e-06
     0.28971029            0.65511456       0.65512000   -5.4484039e-06    8.3166502e-06
     0.29070929            0.65466414       0.65466958   -5.4446579e-06    8.3166502e-06
     0.29170829            0.65420826       0.65421371   -5.4408666e-06    8.3166502e-06
     0.29270729            0.65374700       0.65375243   -5.4370303e-06    8.3166502e-06
     0.29370629            0.65328038       0.65328581   -5.4331496e-06    8.3166502e-06
     0.29470529            0.65280847       0.65281390   -5.4292249e-06    8.3166502e-06
     0.29570430            0.65233133       0.65233675   -5.4252566e-06    8.3166502e-06
     0.29670330            0.65184900       0.65185442   -5.4212452e-06    8.3166502e-06
     0.29770230            0.65136153       0.65136695   -5.4171911e-06    8.3166502e-06
     0.29870130            0.65086898       0.65087439   -5.4130947e-06    8.3166502e-06
     0.29970030            0.65037139       0.65037680   -5.4089564e-06    8.3166502e-06
     0.30069930            0.64986882       0.64987423   -5.4047767e-06    8.3166502e-06
     0.30169830            0.64936132       0.64936672   -5.4005559e-06    8.3166502e-06
     0.30269730            0.64884893       0.64885433   -5.3962945e-06    8.3166502e-06
     0.30369630            0.64833171       0.64833710   -5.3919929e-06    8.3166502e-06
     0.30469530            0.64780970       0.64781508   -5.3876515e-06    8.3166502e-06
     0.30569431            0.64728294       0.64728833   -5.3832706e-06    8.3166502e-06
     0.30669331            0.64675149       0.64675687   -5.3788507e-06    8.3166502e-06
     0.30769231            0.64621540       0.64622077   -5.3743922e-06    8.3166502e-06
     0.30869131            0.64567470       0.64568007   -5.3698953e-06    8.3166502e-06
     0.30969031            0.64512945       0.64513482   -5.3653606e-06    8.3166502e-06
     0.31068931            0.64457969       0.64458505   -5.3607884e-06    8.3166502e-06
     0.31168831            0.64402547       0.64403082   -5.3561791e-06    8.3166502e-06
     0.31268731            0.64346682       0.64347217   -5.3515330e-06    8.3166502e-06
     0.31368631            0.64290380       0.64290914   -5.3468505e-06    8.3166502e-06
     0.31468531            0.64233644       0.64234178   -5.3421319e-06    8.3166502e-06
     0.31568432            0.64176479       0.64177013   -5.3373777e-06    8.3166502e-06
     0.31668332            0.64118890       0.64119423   -5.3325882e-06    8.3166502e-06
     0.31768232            0.64060880       0.64061413   -5.3277637e-06    8.3166502e-06
     0.31868132            0.64002454       0.64002986   -5.3229045e-06    8.3166502e-06
     0.31968032            0.63943615       0.63944147   -5.3180111e-06    8.3166502e-06
     0.32067932            0.63884369       0.63884900   -5.3130837e-06    8.3166502e-06
     0.32167832            0.63824718       0.63825249   -5.3081227e-06    8.3166502e-06
     0.32267732            0.63764668       0.63765198   -5.3031285e-06    8.3166502e-06
     0.32367632            0.63704221       0.63704751   -5.2981013e-06    8.3166502e-06
     0.32467532            0.63643382       0.63643911   -5.2930415e-06    8.3166502e-06
     0.32567433            0.63582155       0.63582684   -5.2879494e-06    8.3166502e-06
     0.32667333            0.63520543       0.63521072   -5.2828254e-06    8.3166502e-06
     0.32767233            0.63458551       0.63459079   -5.2776697e-06    8.3166502e-06
     0.32867133            0.63396183       0.63396710   -5.2724826e-06    8.3166502e-06
     0.32967033            0.63333441       0.63333968   -5.2672646e-06    8.3166502e-06
     0.33066933            0.63270330       0.63270856   -5.2620158e-06    8.3166502e-06
     0.33166833            0.63206853       0.63207379   -5.2567366e-06    8.3166503e-06
     0.33266733            0.63143014       0.63143540   -5.2514273e-06    8.3166503e-06
     0.33366633            0.63078817       0.63079342   -5.2460882e-06    8.3166503e-06
     0.33466533            0.63014265       0.63014789   -5.2407196e-06    8.3166503e-06
     0.33566434            0.62949362       0.62949885   -5.2353218e-06    8.3166503e-06
     0.33666334            0.62884111       0.62884634   -5.2298951e-06    8.3166503e-06
     0.33766234            0.62818515       0.62819038   -5.2244397e-06    8.3166503e-06
     0.33866134            0.62752579       0.62753101   -5.2189559e-06    8.3166503e-06
     0.33966034            0.62686305       0.62686826   -5.2134441e-06    8.3166503e-06
     0.34065934            0.62619697       0.62620218   -5.2079045e-06    8.3166503e-06
     0.34165834            0.62552758       0.62553278   -5.2023373e-06    8.3166503e-06
     0.34265734            0.62485491       0.62486011   -5.1967430e-06    8.3166503e-06
     0.34365634            0.62417900       0.62418419   -5.1911216e-06    8.3166503e-06
     0.34465534            0.62349988       0.62350506   -5.1854736e-06    8.3166503e-06
     0.34565435            0.62281758       0.62282276   -5.1797991e-06    8.3166503e-06
     0.34665335            0.62213213       0.62213731   -5.1740984e-06    8.3166503e-06
     0.34765235            0.62144357       0.62144874   -5.1683718e-06    8.3166503e-06
     0.34865135            0.62075192       0.62075708   -5.1626195e-06    8.3166503e-06
     0.34965035            0.62005721       0.62006237   -5.1568419e-06    8.3166503e-06
     0.35064935            0.61935949       0.61936464   -5.1510391e-06    8.3166503e-06
     0.35164835            0.61865876       0.61866391   -5.1452114e-06    8.3166503e-06
     0.35264735            0.61795508       0.61796022   -5.1393590e-06    8.3166503e-06
     0.35364635            0.61724846       0.61725359   -5.1334822e-06    8.3166503e-06
     0.35464535            0.61653893       0.61654406   -5.1275813e-06    8.3166503e-06
     0.35564436            0.61582652       0.61583164   -5.1216564e-06    8.3166503e-06
     0.35664336            0.61511127       0.61511639   -5.1157079e-06    8.3166503e-06
     0.35764236            0.61439320       0.61439831   -5.1097359e-06    8.3166503e-06
     0.35864136            0.61367233       0.61367744   -5.1037406e-06    8.3166503e-06
     0.35964036            0.61294870       0.61295380   -5.0977224e-06    8.3166503e-06
     0.36063936            0.61222234       0.61222743   -5.0916814e-06    8.3166503e-06
     0.36163836            0.61149326       0.61149835   -5.0856179e-06    8.3166503e-06
     0.36263736            0.61076150       0.61076658   -5.0795321e-06    8.3166503e-06
     0.36363636            0.61002709       0.61003216   -5.0734242e-06    8.3166503e-06
     0.36463536            0.60929005       0.60929512   -5.0672944e-06    8.3166503e-06
     0.36563437            0.60855040       0.60855546   -5.0611430e-06    8.3166503e-06
     0.36663337            0.60780818       0.60781323   -5.0549701e-06    8.3166503e-06
     0.36763237            0.60706340       0.60706845   -5.0487760e-06    8.3166503e-06
     0.36863137            0.60631610       0.60632114   -5.0425609e-06    8.3166503e-06
     0.36963037            0.60556629       0.60557133   -5.0363250e-06    8.3166503e-06
     0.37062937            0.60481401       0.60481904   -5.0300685e-06    8.3166503e-06
     0.37162837            0.60405928       0.60406430   -5.0237916e-06    8.3166503e-06
     0.37262737            0.60330212       0.60330714   -5.0174945e-06    8.3166503e-06
     0.37362637            0.60254256       0.60254757   -5.0111774e-06    8.3166503e-06
     0.37462537            0.60178061       0.60178562   -5.0048405e-06    8.3166503e-06
     0.37562438            0.60101631       0.60102131   -4.9984841e-06    8.3166503e-06
     0.37662338            0.60024968       0.60025468   -4.9921082e-06    8.3166503e-06
     0.37762238            0.59948074       0.59948573   -4.9857132e-06    8.3166503e-06
     0.37862138            0.59870952       0.59871449   -4.9792991e-06    8.3166503e-06
     0.37962038            0.59793602       0.59794100   -4.9728662e-06    8.3166503e-06
     0.38061938            0.59716029       0.59716526   -4.9664146e-06    8.3166503e-06
     0.38161838            0.59638234       0.59638730   -4.9599446e-06    8.3166503e-06
     0.38261738            0.59560220       0.59560715   -4.9534564e-06    8.3166503e-06
     0.38361638            0.59481987       0.59482482   -4.9469500e-06    8.3166503e-06
     0.38461538            0.59403540       0.59404034   -4.9404258e-06    8.3166503e-06
     0.38561439            0.59324879       0.59325372   -4.9338838e-06    8.3166503e-06
     0.38661339            0.59246007       0.59246500   -4.9273242e-06    8.3166503e-06
     0.38761239            0.59166926       0.59167418   -4.9207473e-06    8.3166503e-06
     0.38861139            0.59087639       0.59088130   -4.9141532e-06    8.3166503e-06
     0.38961039            0.59008146       0.59008637   -4.9075420e-06    8.3166503e-06
     0.39060939            0.58928451       0.58928941   -4.9009139e-06    8.3166503e-06
     0.39160839            0.58848555       0.58849044   -4.8942692e-06    8.3166503e-06
     0.39260739            0.58768460       0.58768949   -4.8876079e-06    8.3166503e-06
     0.39360639            0.58688168       0.58688656   -4.8809303e-06    8.3166503e-06
     0.39460539            0.58607681       0.58608169   -4.8742365e-06    8.3166503e-06
     0.39560440            0.58527002       0.58527489   -4.8675266e-06    8.3166503e-06
     0.39660340            0.58446131       0.58446617   -4.8608008e-06    8.3166503e-06
     0.39760240            0.58365072       0.58365557   -4.8540593e-06    8.3166503e-06
     0.39860140            0.58283825       0.58284310   -4.8473022e-06    8.3166503e-06
     0.39960040            0.58202393       0.58202877   -4.8405297e-06    8.3166503e-06
     0.40059940            0.58120777       0.58121260   -4.8337420e-06    8.3166503e-06
     0.40159840            0.58038980       0.58039462   -4.8269391e-06    8.3166503e-06
     0.40259740            0.57957002       0.57957484   -4.8201213e-06    8.3166503e-06
     0.40359640            0.57874847       0.57875328   -4.8132887e-06    8.3166503e-06
     0.40459540            0.57792515       0.57792996   -4.8064414e-06    8.3166503e-06
     0.40559441            0.57710009       0.57710489   -4.7995795e-06    8.3166503e-06
     0.40659341            0.57627329       0.57627809   -4.7927034e-06    8.3166503e-06
     0.40759241            0.57544479       0.57544958   -4.7858129e-06    8.3166503e-06
     0.40859141            0.57461459       0.57461937   -4.7789084e-06    8.3166503e-06
     0.40959041            0.57378272       0.57378749   -4.7719899e-06    8.3166503e-06
     0.41058941            0.57294918       0.57295395   -4.7650577e-06    8.3166503e-06
     0.41158841            0.57211400       0.57211876   -4.7581117e-06    8.3166503e-06
     0.41258741            0.57127720       0.57128195   -4.7511522e-06    8.3166503e-06
     0.41358641            0.57043878       0.57044352   -4.7441793e-06    8.3166503e-06
     0.41458541            0.56959876       0.56960350   -4.7371931e-06    8.3166504e-06
     0.41558442            0.56875717       0.56876190   -4.7301938e-06    8.3166504e-06
     0.41658342            0.56791401       0.56791873   -4.7231815e-06    8.3166504e-06
     0.41758242            0.56706930       0.56707402   -4.7161563e-06    8.3166504e-06
     0.41858142            0.56622306       0.56622777   -4.7091184e-06    8.3166504e-06
     0.41958042            0.56537530       0.56538000   -4.7020678e-06    8.3166504e-06
     0.42057942            0.56452604       0.56453073   -4.6950047e-06    8.3166504e-06
     0.42157842            0.56367529       0.56367998   -4.6879293e-06    8.3166504e-06
     0.42257742            0.56282307       0.56282775   -4.6808416e-06    8.3166504e-06
     0.42357642            0.56196938       0.56197406   -4.6737418e-06    8.3166504e-06
     0.42457542            0.56111426       0.56111893   -4.6666299e-06    8.3166504e-06
     0.42557443            0.56025770       0.56026236   -4.6595062e-06    8.3166504e-06
     0.42657343            0.55939973       0.55940439   -4.6523707e-06    8.3166504e-06
     0.42757243            0.55854036       0.55854501   -4.6452235e-06    8.3166504e-06
     0.42857143            0.55767960       0.55768424   -4.6380649e-06    8.3166504e-06
     0.42957043            0.55681747       0.55682210   -4.6308947e-06    8.3166504e-06
     0.43056943            0.55595398       0.55595860   -4.6237133e-06    8.3166504e-06
     0.43156843            0.55508914       0.55509376   -4.6165207e-06    8.3166504e-06
     0.43256743            0.55422297       0.55422758   -4.6093170e-06    8.3166504e-06
     0.43356643            0.55335548       0.55336008   -4.6021023e-06    8.3166504e-06
     0.43456543            0.55248668       0.55249127   -4.5948767e-06    8.3166504e-06
     0.43556444            0.55161658       0.55162117   -4.5876404e-06    8.3166504e-06
     0.43656344            0.55074521       0.55074979   -4.5803935e-06    8.3166504e-06
     0.43756244            0.54987257       0.54987714   -4.5731359e-06    8.3166504e-06
     0.43856144            0.54899867       0.54900324   -4.5658680e-06    8.3166504e-06
     0.43956044            0.54812353       0.54812809   -4.5585897e-06    8.3166504e-06
     0.44055944            0.54724716       0.54725171   -4.5513012e-06    8.3166504e-06
     0.44155844            0.54636957       0.54637412   -4.5440025e-06    8.3166504e-06
     0.44255744            0.54549078       0.54549531   -4.5366938e-06    8.3166504e-06
     0.44355644            0.54461079       0.54461532   -4.5293752e-06    8.3166504e-06
     0.44455544            0.54372962       0.54373414   -4.5220467e-06    8.3166504e-06
     0.44555445            0.54284727       0.54285179   -4.5147085e-06    8.3166504e-06
     0.44655345            0.54196377       0.54196828   -4.5073607e-06    8.3166504e-06
     0.44755245            0.54107912       0.54108362   -4.5000033e-06    8.3166504e-06
     0.44855145            0.54019334       0.54019783   -4.4926365e-06    8.3166504e-06
     0.44955045            0.53930643       0.53931091   -4.4852603e-06    8.3166504e-06
     0.45054945            0.53841840       0.53842288   -4.4778748e-06    8.3166504e-06
     0.45154845            0.53752927       0.53753374   -4.4704802e-06    8.3166504e-06
     0.45254745            0.53663906       0.53664352   -4.4630765e-06    8.3166504e-06
     0.45354645            0.53574776       0.53575221   -4.4556638e-06    8.3166504e-06
     0.45454545            0.53485539       0.53485984   -4.4482423e-06    8.3166504e-06
     0.45554446            0.53396196       0.53396640   -4.4408119e-06    8.3166504e-06
     0.45654346            0.53306748       0.53307191   -4.4333728e-06    8.3166504e-06
     0.45754246            0.53217196       0.53217639   -4.4259250e-06    8.3166504e-06
     0.45854146            0.53127542       0.53127984   -4.4184687e-06    8.3166504e-06
     0.45954046            0.53037786       0.53038227   -4.4110039e-06    8.3166504e-06
     0.46053946            0.52947929       0.52948369   -4.4035308e-06    8.3166504e-06
     0.46153846            0.52857972       0.52858412   -4.3960493e-06    8.3166504e-06
     0.46253746            0.52767917       0.52768355   -4.3885596e-06    8.3166504e-06
     0.46353646            0.52677763       0.52678201   -4.3810618e-06    8.3166504e-06
     0.46453546            0.52587513       0.52587950   -4.3735560e-06    8.3166504e-06
     0.46553447            0.52497167       0.52497603   -4.3660422e-06    8.3166504e-06
     0.46653347            0.52406726       0.52407162   -4.3585204e-06    8.3166504e-06
     0.46753247            0.52316191       0.52316626   -4.3509909e-06    8.3166504e-06
     0.46853147            0.52225563       0.52225997   -4.3434536e-06    8.3166504e-06
     0.46953047            0.52134843       0.52135276   -4.3359087e-06    8.3166504e-06
     0.47052947            0.52044032       0.52044464   -4.3283562e-06    8.3166504e-06
     0.47152847            0.51953130       0.51953562   -4.3207961e-06    8.3166504e-06
     0.47252747            0.51862139       0.51862570   -4.3132287e-06    8.3166504e-06
     0.47352647            0.51771059       0.51771490   -4.3056539e-06    8.3166504e-06
     0.47452547            0.51679892       0.51680322   -4.2980717e-06    8.3166504e-06
     0.47552448            0.51588638       0.51589068   -4.2904824e-06    8.3166504e-06
     0.47652348            0.51497299       0.51497727   -4.2828859e-06    8.3166504e-06
     0.47752248            0.51405874       0.51406301   -4.2752824e-06    8.3166504e-06
     0.47852148            0.51314365       0.51314792   -4.2676718e-06    8.3166504e-06
     0.47952048            0.51222773       0.51223199   -4.2600544e-06    8.3166504e-06
     0.48051948            0.51131098       0.51131523   -4.2524300e-06    8.3166504e-06
     0.48151848            0.51039341       0.51039766   -4.2447989e-06    8.3166504e-06
     0.48251748            0.50947504       0.50947927   -4.2371610e-06    8.3166505e-06
     0.48351648            0.50855586       0.50856009   -4.2295165e-06    8.3166505e-06
     0.48451548            0.50763589       0.50764011   -4.2218654e-06    8.3166505e-06
     0.48551449            0.50671514       0.50671935   -4.2142077e-06    8.3166505e-06
     0.48651349            0.50579361       0.50579781   -4.2065436e-06    8.3166505e-06
     0.48751249            0.50487131       0.50487550   -4.1988731e-06    8.3166505e-06
     0.48851149            0.50394824       0.50395243   -4.1911962e-06    8.3166505e-06
     0.48951049            0.50302443       0.50302861   -4.1835131e-06    8.3166505e-06
     0.49050949            0.50209986       0.50210404   -4.1758238e-06    8.3166505e-06
     0.49150849            0.50117456       0.50117873   -4.1681283e-06    8.3166505e-06
     0.49250749            0.50024852       0.50025269   -4.1604267e-06    8.3166505e-06
     0.49350649            0.49932176       0.49932592   -4.1527191e-06    8.3166505e-06
     0.49450549            0.49839429       0.49839843   -4.1450056e-06    8.3166505e-06
     0.49550450            0.49746610       0.49747024   -4.1372861e-06    8.3166505e-06
     0.49650350            0.49653721       0.49654134   -4.1295608e-06    8.3166505e-06
     0.49750250            0.49560762       0.49561174   -4.1218296e-06    8.3166505e-06
     0.49850150            0.49467734       0.49468146   -4.1140928e-06    8.3166505e-06
     0.49950050            0.49374638       0.49375049   -4.1063502e-06    8.3166505e-06
     0.50049950            0.49281475       0.49281885   -4.0986021e-06    8.3166505e-06
     0.50149850            0.49188244       0.49188653   -4.0908484e-06    8.3166505e-06
     0.50249750            0.49094948       0.49095356   -4.0830892e-06    8.3166505e-06
     0.50349650            0.49001585       0.49001993   -4.0753245e-06    8.3166505e-06
     0.50449550            0.48908158       0.48908565   -4.0675544e-06    8.3166505e-06
     0.50549451            0.48814667       0.48815073   -4.0597790e-06    8.3166505e-06
     0.50649351            0.48721112       0.48721517   -4.0519983e-06    8.3166505e-06
     0.50749251            0.48627493       0.48627898   -4.0442123e-06    8.3166505e-06
     0.50849151            0.48533813       0.48534216   -4.0364211e-06    8.3166505e-06
     0.50949051            0.48440070       0.48440473   -4.0286249e-06    8.3166505e-06
     0.51048951            0.48346267       0.48346669   -4.0208235e-06    8.3166505e-06
     0.51148851            0.48252403       0.48252804   -4.0130171e-06    8.3166505e-06
     0.51248751            0.48158479       0.48158879   -4.0052057e-06    8.3166505e-06
     0.51348651            0.48064496       0.48064895   -3.9973893e-06    8.3166505e-06
     0.51448551            0.47970453       0.47970852   -3.9895681e-06    8.3166505e-06
     0.51548452            0.47876353       0.47876751   -3.9817421e-06    8.3166505e-06
     0.51648352            0.47782195       0.47782593   -3.9739112e-06    8.3166505e-06
     0.51748252            0.47687980       0.47688377   -3.9660756e-06    8.3166505e-06
     0.51848152            0.47593709       0.47594105   -3.9582354e-06    8.3166505e-06
     0.51948052            0.47499382       0.47499777   -3.9503904e-06    8.3166505e-06
     0.52047952            0.47404999       0.47405393   -3.9425409e-06    8.3166505e-06
     0.52147852            0.47310562       0.47310955   -3.9346868e-06    8.3166505e-06
     0.52247752            0.47216070       0.47216463   -3.9268282e-06    8.3166505e-06
     0.52347652            0.47121525       0.47121917   -3.9189651e-06    8.3166505e-06
     0.52447552            0.47026926       0.47027317   -3.9110976e-06    8.3166505e-06
     0.52547453            0.46932275       0.46932665   -3.9032257e-06    8.3166505e-06
     0.52647353            0.46837572       0.46837961   -3.8953495e-06    8.3166505e-06
     0.52747253            0.46742817       0.46743206   -3.8874690e-06    8.3166505e-06
     0.52847153            0.46648011       0.46648399   -3.8795843e-06    8.3166505e-06
     0.52947053            0.46553154       0.46553542   -3.8716953e-06    8.3166505e-06
     0.53046953            0.46458248       0.46458634   -3.8638022e-06    8.3166505e-06
     0.53146853            0.46363291       0.46363677   -3.8559050e-06    8.3166505e-06
     0.53246753            0.46268286       0.46268671   -3.8480036e-06    8.3166505e-06
     0.53346653            0.46173232       0.46173616   -3.8400983e-06    8.3166505e-06
     0.53446553            0.46078130       0.46078513   -3.8321889e-06    8.3166505e-06
     0.53546454            0.45982981       0.45983363   -3.8242756e-06    8.3166505e-06
     0.53646354            0.45887784       0.45888165   -3.8163583e-06    8.3166505e-06
     0.53746254            0.45792540       0.45792921   -3.8084372e-06    8.3166505e-06
     0.53846154            0.45697250       0.45697630   -3.8005122e-06    8.3166505e-06
     0.53946054            0.45601915       0.45602294   -3.7925834e-06    8.3166505e-06
     0.54045954            0.45506534       0.45506912   -3.7846508e-06    8.3166505e-06
     0.54145854            0.45411108       0.45411486   -3.7767146e-06    8.3166505e-06
     0.54245754            0.45315638       0.45316015   -3.7687746e-06    8.3166505e-06
     0.54345654            0.45220124       0.45220500   -3.7608309e-06    8.3166505e-06
     0.54445554            0.45124566       0.45124941   -3.7528837e-06    8.3166505e-06
     0.54545455            0.45028965       0.45029340   -3.7449328e-06    8.3166505e-06
     0.54645355            0.44933322       0.44933695   -3.7369784e-06    8.3166505e-06
     0.54745255            0.44837636       0.44838009   -3.7290205e-06    8.3166505e-06
     0.54845155            0.44741908       0.44742281   -3.7210591e-06    8.3166505e-06
     0.54945055            0.44646139       0.44646511   -3.7130943e-06    8.3166505e-06
     0.55044955            0.44550329       0.44550700   -3.7051260e-06    8.3166505e-06
     0.55144855            0.44454479       0.44454849   -3.6971544e-06    8.3166505e-06
     0.55244755            0.44358588       0.44358957   -3.6891794e-06    8.3166505e-06
     0.55344655            0.44262657       0.44263025   -3.6812011e-06    8.3166505e-06
     0.55444555            0.44166687       0.44167055   -3.6732196e-06    8.3166505e-06
     0.55544456            0.44070678       0.44071045   -3.6652348e-06    8.3166505e-06
     0.55644356            0.43974631       0.43974996   -3.6572467e-06    8.3166505e-06
     0.55744256            0.43878545       0.43878910   -3.6492555e-06    8.3166505e-06
     0.55844156            0.43782421       0.43782785   -3.6412612e-06    8.3166505e-06
     0.55944056            0.43686260       0.43686623   -3.6332637e-06    8.3166505e-06
     0.56043956            0.43590061       0.43590424   -3.6252632e-06    8.3166505e-06
     0.56143856            0.43493826       0.43494188   -3.6172596e-06    8.3166505e-06
     0.56243756            0.43397555       0.43397916   -3.6092530e-06    8.3166505e-06
     0.56343656            0.43301247       0.43301607   -3.6012433e-06    8.3166505e-06
     0.56443556            0.43204904       0.43205263   -3.5932307e-06    8.3166505e-06
     0.56543457            0.43108526       0.43108884   -3.5852152e-06    8.3166505e-06
     0.56643357            0.43012112       0.43012470   -3.5771968e-06    8.3166505e-06
     0.56743257            0.42915664       0.42916021   -3.5691755e-06    8.3166505e-06
     0.56843157            0.42819182       0.42819538   -3.5611513e-06    8.3166505e-06
     0.56943057            0.42722666       0.42723021   -3.5531243e-06    8.3166505e-06
     0.57042957            0.42626116       0.42626470   -3.5450946e-06    8.3166505e-06
     0.57142857            0.42529533       0.42529887   -3.5370620e-06    8.3166505e-06
     0.57242757            0.42432917       0.42433270   -3.5290267e-06    8.3166505e-06
     0.57342657            0.42336268       0.42336620   -3.5209887e-06    8.3166505e-06
     0.57442557            0.42239588       0.42239939   -3.5129481e-06    8.3166505e-06
     0.57542458            0.42142875       0.42143225   -3.5049047e-06    8.3166505e-06
     0.57642358            0.42046130       0.42046480   -3.4968588e-06    8.3166505e-06
     0.57742258            0.41949355       0.41949704   -3.4888102e-06    8.3166505e-06
     0.57842158            0.41852548       0.41852896   -3.4807591e-06    8.3166505e-06
     0.57942058            0.41755711       0.41756058   -3.4727054e-06    8.3166505e-06
     0.58041958            0.41658843       0.41659189   -3.4646492e-06    8.3166505e-06
     0.58141858            0.41561945       0.41562291   -3.4565904e-06    8.3166505e-06
     0.58241758            0.41465017       0.41465362   -3.4485292e-06    8.3166505e-06
     0.58341658            0.41368060       0.41368404   -3.4404656e-06    8.3166505e-06
     0.58441558            0.41271074       0.41271417   -3.4323995e-06    8.3166505e-06
     0.58541459            0.41174058       0.41174401   -3.4243310e-06    8.3166505e-06
     0.58641359            0.41077014       0.41077356   -3.4162601e-06    8.3166505e-06
     0.58741259            0.40979942       0.40980283   -3.4081869e-06    8.3166505e-06
     0.58841159            0.40882842       0.40883182   -3.4001113e-06    8.3166505e-06
     0.58941059            0.40785714       0.40786053   -3.3920335e-06    8.3166505e-06
     0.59040959            0.40688558       0.40688897   -3.3839533e-06    8.3166505e-06
     0.59140859            0.40591375       0.40591713   -3.3758709e-06    8.3166505e-06
     0.59240759            0.40494166       0.40494503   -3.3677862e-06    8.3166505e-06
     0.59340659            0.40396929       0.40397265   -3.3596993e-06    8.3166505e-06
     0.59440559            0.40299666       0.40300002   -3.3516103e-06    8.3166505e-06
     0.59540460            0.40202377       0.40202712   -3.3435190e-06    8.3166505e-06
     0.59640360            0.40105062       0.40105396   -3.3354256e-06    8.3166505e-06
     0.59740260            0.40007722       0.40008055   -3.3273301e-06    8.3166505e-06
     0.59840160            0.39910356       0.39910688   -3.3192324e-06    8.3166505e-06
     0.59940060            0.39812965       0.39813296   -3.3111327e-06    8.3166505e-06
     0.60039960            0.39715549       0.39715879   -3.3030308e-06    8.3166505e-06
     0.60139860            0.39618108       0.39618438   -3.2949270e-06    8.3166505e-06
     0.60239760            0.39520643       0.39520972   -3.2868211e-06    8.3166505e-06
     0.60339660            0.39423154       0.39423482   -3.2787132e-06    8.3166505e-06
     0.60439560            0.39325641       0.39325968   -3.2706033e-06    8.3166505e-06
     0.60539461            0.39228104       0.39228430   -3.2624914e-06    8.3166505e-06
     0.60639361            0.39130544       0.39130869   -3.2543776e-06    8.3166505e-06
     0.60739261            0.39032960       0.39033285   -3.2462619e-06    8.3166505e-06
     0.60839161            0.38935354       0.38935678   -3.2381442e-06    8.3166505e-06
     0.60939061            0.38837725       0.38838048   -3.2300247e-06    8.3166505e-06
     0.61038961            0.38740073       0.38740395   -3.2219033e-06    8.3166505e-06
     0.61138861            0.38642399       0.38642721   -3.2137800e-06    8.3166505e-06
     0.61238761            0.38544703       0.38545024   -3.2056549e-06    8.3166505e-06
     0.61338661            0.38446985       0.38447305   -3.1975280e-06    8.3166505e-06
     0.61438561            0.38349246       0.38349565   -3.1893993e-06    8.3166505e-06
     0.61538462            0.38251485       0.38251803   -3.1812688e-06    8.3166505e-06
     0.61638362            0.38153703       0.38154020   -3.1731365e-06    8.3166505e-06
     0.61738262            0.38055900       0.38056216   -3.1650025e-06    8.3166505e-06
     0.61838162            0.37958076       0.37958391   -3.1568667e-06    8.3166505e-06
     0.61938062            0.37860231       0.37860546   -3.1487293e-06    8.3166505e-06
     0.62037962            0.37762366       0.37762680   -3.1405901e-06    8.3166505e-06
     0.62137862            0.37664481       0.37664794   -3.1324493e-06    8.3166505e-06
     0.62237762            0.37566576       0.37566889   -3.1243068e-06    8.3166505e-06
     0.62337662            0.37468651       0.37468963   -3.1161627e-06    8.3166505e-06
     0.62437562            0.37370707       0.37371018   -3.1080169e-06    8.3166505e-06
     0.62537463            0.37272743       0.37273053   -3.0998695e-06    8.3166505e-06
     0.62637363            0.37174760       0.37175069   -3.0917206e-06    8.3166505e-06
     0.62737263            0.37076758       0.37077066   -3.0835700e-06    8.3166505e-06
     0.62837163            0.36978737       0.36979045   -3.0754179e-06    8.3166505e-06
     0.62937063            0.36880698       0.36881005   -3.0672642e-06    8.3166505e-06
     0.63036963            0.36782640       0.36782946   -3.0591090e-06    8.3166505e-06
     0.63136863            0.36684564       0.36684869   -3.0509523e-06    8.3166505e-06
     0.63236763            0.36586470       0.36586774   -3.0427941e-06    8.3166505e-06
     0.63336663            0.36488357       0.36488661   -3.0346344e-06    8.3166505e-06
     0.63436563            0.36390228       0.36390530   -3.0264732e-06    8.3166505e-06
     0.63536464            0.36292080       0.36292382   -3.0183106e-06    8.3166505e-06
     0.63636364            0.36193915       0.36194216   -3.0101465e-06    8.3166505e-06
     0.63736264            0.36095734       0.36096034   -3.0019810e-06    8.3166505e-06
     0.63836164            0.35997535       0.35997834   -2.9938140e-06    8.3166505e-06
     0.63936064            0.35899319       0.35899617   -2.9856457e-06    8.3166505e-06
     0.64035964            0.35801086       0.35801384   -2.9774760e-06    8.3166505e-06
     0.64135864            0.35702837       0.35703134   -2.9693049e-06    8.3166505e-06
     0.64235764            0.35604572       0.35604868   -2.9611324e-06    8.3166505e-06
     0.64335664            0.35506290       0.35506585   -2.9529586e-06    8.3166505e-06
     0.64435564            0.35407993       0.35408287   -2.9447835e-06    8.3166505e-06
     0.64535465            0.35309679       0.35309973   -2.9366070e-06    8.3166505e-06
     0.64635365            0.35211350       0.35211643   -2.9284292e-06    8.3166505e-06
     0.64735265            0.35113005       0.35113297   -2.9202502e-06    8.3166505e-06
     0.64835165            0.35014645       0.35014936   -2.9120698e-06    8.3166505e-06
     0.64935065            0.34916269       0.34916560   -2.9038882e-06    8.3166505e-06
     0.65034965            0.34817879       0.34818168   -2.8957054e-06    8.3166505e-06
     0.65134865            0.34719473       0.34719762   -2.8875212e-06    8.3166505e-06
     0.65234765            0.34621053       0.34621341   -2.8793359e-06    8.3166505e-06
     0.65334665            0.34522618       0.34522905   -2.8711493e-06    8.3166505e-06
     0.65434565            0.34424169       0.34424455   -2.8629616e-06    8.3166504e-06
     0.65534466            0.34325705       0.34325990   -2.8547726e-06    8.3166504e-06
     0.65634366            0.34227227       0.34227511   -2.8465825e-06    8.3166504e-06
     0.65734266            0.34128735       0.34129018   -2.8383912e-06    8.3166504e-06
     0.65834166            0.34030228       0.34030511   -2.8301987e-06    8.3166504e-06
     0.65934066            0.33931709       0.33931991   -2.8220051e-06    8.3166504e-06
     0.66033966            0.33833175       0.33833456   -2.8138103e-06    8.3166504e-06
     0.66133866            0.33734628       0.33734908   -2.8056144e-06    8.3166504e-06
     0.66233766            0.33636067       0.33636347   -2.7974174e-06    8.3166504e-06
     0.66333666            0.33537494       0.33537773   -2.7892193e-06    8.3166504e-06
     0.66433566            0.33438907       0.33439185   -2.7810201e-06    8.3166504e-06
     0.66533467            0.33340307       0.33340584   -2.7728198e-06    8.3166504e-06
     0.66633367            0.33241694       0.33241971   -2.7646185e-06    8.3166504e-06
     0.66733267            0.33143069       0.33143344   -2.7564161e-06    8.3166504e-06
     0.66833167            0.33044431       0.33044705   -2.7482126e-06    8.3166504e-06
     0.66933067            0.32945780       0.32946054   -2.7400081e-06    8.3166504e-06
     0.67032967            0.32847117       0.32847390   -2.7318026e-06    8.3166504e-06
     0.67132867            0.32748442       0.32748714   -2.7235961e-06    8.3166504e-06
     0.67232767            0.32649754       0.32650026   -2.7153885e-06    8.3166504e-06
     0.67332667            0.32551055       0.32551326   -2.7071800e-06    8.3166504e-06
     0.67432567            0.32452344       0.32452614   -2.6989704e-06    8.3166504e-06
     0.67532468            0.32353621       0.32353890   -2.6907599e-06    8.3166504e-06
     0.67632368            0.32254886       0.32255155   -2.6825485e-06    8.3166504e-06
     0.67732268            0.32156140       0.32156408   -2.6743360e-06    8.3166504e-06
     0.67832168            0.32057383       0.32057649   -2.6661226e-06    8.3166504e-06
     0.67932068            0.31958614       0.31958879   -2.6579083e-06    8.3166504e-06
     0.68031968            0.31859834       0.31860099   -2.6496930e-06    8.3166504e-06
     0.68131868            0.31761042       0.31761307   -2.6414768e-06    8.3166504e-06
     0.68231768            0.31662240       0.31662504   -2.6332597e-06    8.3166504e-06
     0.68331668            0.31563427       0.31563690   -2.6250418e-06    8.3166504e-06
     0.68431568            0.31464604       0.31464865   -2.6168229e-06    8.3166504e-06
     0.68531469            0.31365769       0.31366030   -2.6086031e-06    8.3166504e-06
     0.68631369            0.31266924       0.31267184   -2.6003824e-06    8.3166504e-06
     0.68731269            0.31168069       0.31168328   -2.5921609e-06    8.3166504e-06
     0.68831169            0.31069203       0.31069462   -2.5839385e-06    8.3166504e-06
     0.68931069            0.30970327       0.30970585   -2.5757153e-06    8.3166504e-06
     0.69030969            0.30871441       0.30871698   -2.5674912e-06    8.3166504e-06
     0.69130869            0.30772545       0.30772801   -2.5592663e-06    8.3166504e-06
     0.69230769            0.30673639       0.30673894   -2.5510406e-06    8.3166504e-06
     0.69330669            0.30574723       0.30574978   -2.5428140e-06    8.3166504e-06
     0.69430569            0.30475798       0.30476051   -2.5345867e-06    8.3166504e-06
     0.69530470            0.30376863       0.30377115   -2.5263585e-06    8.3166504e-06
     0.69630370            0.30277918       0.30278170   -2.5181295e-06    8.3166504e-06
     0.69730270            0.30178964       0.30179215   -2.5098998e-06    8.3166504e-06
     0.69830170            0.30080000       0.30080250   -2.5016693e-06    8.3166504e-06
     0.69930070            0.29981027       0.29981277   -2.4934380e-06    8.3166504e-06
     0.70029970            0.29882045       0.29882294   -2.4852059e-06    8.3166504e-06
     0.70129870            0.29783054       0.29783302   -2.4769731e-06    8.3166504e-06
     0.70229770            0.29684054       0.29684301   -2.4687396e-06    8.3166504e-06
     0.70329670            0.29585046       0.29585292   -2.4605053e-06    8.3166504e-06
     0.70429570            0.29486028       0.29486273   -2.4522703e-06    8.3166504e-06
     0.70529471            0.29387001       0.29387246   -2.4440345e-06    8.3166504e-06
     0.70629371            0.29287966       0.29288210   -2.4357980e-06    8.3166504e-06
     0.70729271            0.29188923       0.29189166   -2.4275609e-06    8.3166504e-06
     0.70829171            0.29089871       0.29090113   -2.4193230e-06    8.3166504e-06
     0.70929071            0.28990810       0.28991051   -2.4110844e-06    8.3166504e-06
     0.71028971            0.28891742       0.28891982   -2.4028451e-06    8.3166504e-06
     0.71128871            0.28792665       0.28792904   -2.3946052e-06    8.3166504e-06
     0.71228771            0.28693580       0.28693818   -2.3863646e-06    8.3166504e-06
     0.71328671            0.28594486       0.28594724   -2.3781233e-06    8.3166504e-06
     0.71428571            0.28495385       0.28495622   -2.3698813e-06    8.3166504e-06
     0.71528472            0.28396276       0.28396513   -2.3616387e-06    8.3166504e-06
     0.71628372            0.28297160       0.28297395   -2.3533954e-06    8.3166504e-06
     0.71728272            0.28198035       0.28198270   -2.3451515e-06    8.3166504e-06
     0.71828172            0.28098903       0.28099137   -2.3369070e-06    8.3166504e-06
     0.71928072            0.27999763       0.27999996   -2.3286618e-06    8.3166504e-06
     0.72027972            0.27900616       0.27900848   -2.3204160e-06    8.3166504e-06
     0.72127872            0.27801461       0.27801692   -2.3121696e-06    8.3166504e-06
     0.72227772            0.27702299       0.27702530   -2.3039225e-06    8.3166504e-06
     0.72327672            0.27603130       0.27603359   -2.2956749e-06    8.3166504e-06
     0.72427572            0.27503953       0.27504182   -2.2874267e-06    8.3166504e-06
     0.72527473            0.27404770       0.27404998   -2.2791778e-06    8.3166504e-06
     0.72627373            0.27305579       0.27305806   -2.2709284e-06    8.3166504e-06
     0.72727273            0.27206381       0.27206607   -2.2626784e-06    8.3166504e-06
     0.72827173            0.27107177       0.27107402   -2.2544279e-06    8.3166504e-06
     0.72927073            0.27007965       0.27008190   -2.2461767e-06    8.3166504e-06
     0.73026973            0.26908747       0.26908970   -2.2379250e-06    8.3166504e-06
     0.73126873            0.26809522       0.26809745   -2.2296727e-06    8.3166504e-06
     0.73226773            0.26710290       0.26710512   -2.2214199e-06    8.3166504e-06
     0.73326673            0.26611052       0.26611273   -2.2131665e-06    8.3166504e-06
     0.73426573            0.26511807       0.26512027   -2.2049126e-06    8.3166504e-06
     0.73526474            0.26412556       0.26412775   -2.1966582e-06    8.3166504e-06
     0.73626374            0.26313298       0.26313517   -2.1884032e-06    8.3166504e-06
     0.73726274            0.26214034       0.26214252   -2.1801477e-06    8.3166504e-06
     0.73826174            0.26114764       0.26114981   -2.1718917e-06    8.3166504e-06
     0.73926074            0.26015487       0.26015703   -2.1636351e-06    8.3166504e-06
     0.74025974            0.25916204       0.25916420   -2.1553780e-06    8.3166504e-06
     0.74125874            0.25816916       0.25817130   -2.1471205e-06    8.3166504e-06
     0.74225774            0.25717621       0.25717835   -2.1388624e-06    8.3166504e-06
     0.74325674            0.25618320       0.25618533   -2.1306039e-06    8.3166504e-06
     0.74425574            0.25519014       0.25519226   -2.1223448e-06    8.3166504e-06
     0.74525475            0.25419701       0.25419913   -2.1140853e-06    8.3166504e-06
     0.74625375            0.25320383       0.25320594   -2.1058252e-06    8.3166504e-06
     0.74725275            0.25221059       0.25221269   -2.0975647e-06    8.3166504e-06
     0.74825175            0.25121729       0.25121938   -2.0893038e-06    8.3166504e-06
     0.74925075            0.25022394       0.25022602   -2.0810423e-06    8.3166504e-06
     0.75024975            0.24923053       0.24923261   -2.0727804e-06    8.3166504e-06
     0.75124875            0.24823707       0.24823913   -2.0645181e-06    8.3166504e-06
     0.75224775            0.24724355       0.24724561   -2.0562553e-06    8.3166504e-06
     0.75324675            0.24624998       0.24625203   -2.0479920e-06    8.3166504e-06
     0.75424575            0.24525636       0.24525840   -2.0397283e-06    8.3166504e-06
     0.75524476            0.24426268       0.24426471   -2.0314642e-06    8.3166504e-06
     0.75624376            0.24326895       0.24327097   -2.0231996e-06    8.3166504e-06
     0.75724276            0.24227516       0.24227718   -2.0149346e-06    8.3166504e-06
     0.75824176            0.24128133       0.24128334   -2.0066692e-06    8.3166504e-06
     0.75924076            0.24028745       0.24028944   -1.9984033e-06    8.3166504e-06
     0.76023976            0.23929351       0.23929550   -1.9901370e-06    8.3166504e-06
     0.76123876            0.23829953       0.23830151   -1.9818703e-06    8.3166504e-06
     0.76223776            0.23730549       0.23730747   -1.9736032e-06    8.3166504e-06
     0.76323676            0.23631141       0.23631338   -1.9653357e-06    8.3166504e-06
     0.76423576            0.23531728       0.23531924   -1.9570678e-06    8.3166504e-06
     0.76523477            0.23432310       0.23432505   -1.9487995e-06    8.3166504e-06
     0.76623377            0.23332887       0.23333081   -1.9405308e-06    8.3166504e-06
     0.76723277            0.23233460       0.23233653   -1.9322617e-06    8.3166504e-06
     0.76823177            0.23134028       0.23134220   -1.9239922e-06    8.3166504e-06
     0.76923077            0.23034591       0.23034783   -1.9157224e-06    8.3166504e-06
     0.77022977            0.22935150       0.22935341   -1.9074521e-06    8.3166504e-06
     0.77122877            0.22835705       0.22835895   -1.8991815e-06    8.3166504e-06
     0.77222777            0.22736255       0.22736444   -1.8909105e-06    8.3166503e-06
     0.77322677            0.22636800       0.22636988   -1.8826392e-06    8.3166503e-06
     0.77422577            0.22537341       0.22537529   -1.8743674e-06    8.3166503e-06
     0.77522478            0.22437878       0.22438064   -1.8660954e-06    8.3166503e-06
     0.77622378            0.22338410       0.22338596   -1.8578229e-06    8.3166503e-06
     0.77722278            0.22238939       0.22239123   -1.8495501e-06    8.3166503e-06
     0.77822178            0.22139463       0.22139647   -1.8412770e-06    8.3166503e-06
     0.77922078            0.22039982       0.22040166   -1.8330035e-06    8.3166503e-06
     0.78021978            0.21940498       0.21940681   -1.8247297e-06    8.3166503e-06
     0.78121878            0.21841010       0.21841191   -1.8164555e-06    8.3166503e-06
     0.78221778            0.21741517       0.21741698   -1.8081810e-06    8.3166503e-06
     0.78321678            0.21642021       0.21642201   -1.7999062e-06    8.3166503e-06
     0.78421578            0.21542521       0.21542700   -1.7916310e-06    8.3166503e-06
     0.78521479            0.21443016       0.21443195   -1.7833555e-06    8.3166503e-06
     0.78621379            0.21343508       0.21343686   -1.7750797e-06    8.3166503e-06
     0.78721279            0.21243996       0.21244173   -1.7668036e-06    8.3166503e-06
     0.78821179            0.21144481       0.21144656   -1.7585271e-06    8.3166503e-06
     0.78921079            0.21044961       0.21045136   -1.7502504e-06    8.3166503e-06
     0.79020979            0.20945438       0.20945612   -1.7419733e-06    8.3166503e-06
     0.79120879            0.20845911       0.20846084   -1.7336959e-06    8.3166503e-06
     0.79220779            0.20746380       0.20746553   -1.7254182e-06    8.3166503e-06
     0.79320679            0.20646846       0.20647018   -1.7171403e-06    8.3166503e-06
     0.79420579            0.20547308       0.20547479   -1.7088620e-06    8.3166503e-06
     0.79520480            0.20447767       0.20447937   -1.7005834e-06    8.3166503e-06
     0.79620380            0.20348222       0.20348391   -1.6923045e-06    8.3166503e-06
     0.79720280            0.20248673       0.20248842   -1.6840254e-06    8.3166503e-06
     0.79820180            0.20149121       0.20149289   -1.6757459e-06    8.3166503e-06
     0.79920080            0.20049566       0.20049733   -1.6674662e-06    8.3166503e-06
     0.80019980            0.19950008       0.19950174   -1.6591862e-06    8.3166503e-06
     0.80119880            0.19850446       0.19850611   -1.6509059e-06    8.3166503e-06
     0.80219780            0.19750880       0.19751045   -1.6426253e-06    8.3166503e-06
     0.80319680            0.19651312       0.19651475   -1.6343445e-06    8.3166503e-06
     0.80419580            0.19551740       0.19551903   -1.6260634e-06    8.3166503e-06
     0.80519481            0.19452165       0.19452327   -1.6177820e-06    8.3166503e-06
     0.80619381            0.19352587       0.19352748   -1.6095004e-06    8.3166503e-06
     0.80719281            0.19253006       0.19253166   -1.6012185e-06    8.3166503e-06
     0.80819181            0.19153421       0.19153581   -1.5929363e-06    8.3166503e-06
     0.80919081            0.19053834       0.19053992   -1.5846539e-06    8.3166503e-06
     0.81018981            0.18954243       0.18954401   -1.5763712e-06    8.3166503e-06
     0.81118881            0.18854650       0.18854806   -1.5680883e-06    8.3166503e-06
     0.81218781            0.18755053       0.18755209   -1.5598052e-06    8.3166503e-06
     0.81318681            0.18655454       0.18655609   -1.5515217e-06    8.3166503e-06
     0.81418581            0.18555851       0.18556005   -1.5432381e-06    8.3166503e-06
     0.81518482            0.18456246       0.18456399   -1.5349542e-06    8.3166503e-06
     0.81618382            0.18356637       0.18356790   -1.5266700e-06    8.3166503e-06
     0.81718282            0.18257026       0.18257178   -1.5183857e-06    8.3166503e-06
     0.81818182            0.18157412       0.18157563   -1.5101011e-06    8.3166503e-06
     0.81918082            0.18057796       0.18057946   -1.5018162e-06    8.3166503e-06
     0.82017982            0.17958176       0.17958326   -1.4935311e-06    8.3166503e-06
     0.82117882            0.17858554       0.17858703   -1.4852458e-06    8.3166503e-06
     0.82217782            0.17758929       0.17759077   -1.4769603e-06    8.3166503e-06
     0.82317682            0.17659301       0.17659448   -1.4686746e-06    8.3166503e-06
     0.82417582            0.17559671       0.17559817   -1.4603886e-06    8.3166503e-06
     0.82517483            0.17460038       0.17460184   -1.4521024e-06    8.3166503e-06
     0.82617383            0.17360403       0.17360547   -1.4438160e-06    8.3166503e-06
     0.82717283            0.17260765       0.17260908   -1.4355294e-06    8.3166503e-06
     0.82817183            0.17161124       0.17161267   -1.4272426e-06    8.3166503e-06
     0.82917083            0.17061481       0.17061623   -1.4189555e-06    8.3166503e-06
     0.83016983            0.16961835       0.16961976   -1.4106683e-06    8.3166503e-06
     0.83116883            0.16862187       0.16862327   -1.4023808e-06    8.3166503e-06
     0.83216783            0.16762537       0.16762676   -1.3940932e-06    8.3166503e-06
     0.83316683            0.16662884       0.16663022   -1.3858053e-06    8.3166503e-06
     0.83416583            0.16563228       0.16563366   -1.3775172e-06    8.3166503e-06
     0.83516484            0.16463570       0.16463707   -1.3692290e-06    8.3166503e-06
     0.83616384            0.16363910       0.16364046   -1.3609405e-06    8.3166503e-06
     0.83716284            0.16264248       0.16264383   -1.3526519e-06    8.3166503e-06
     0.83816184            0.16164583       0.16164718   -1.3443630e-06    8.3166503e-06
     0.83916084            0.16064916       0.16065050   -1.3360740e-06    8.3166503e-06
     0.84015984            0.15965247       0.15965379   -1.3277848e-06    8.3166503e-06
     0.84115884            0.15865575       0.15865707   -1.3194954e-06    8.3166503e-06
     0.84215784            0.15765901       0.15766032   -1.3112058e-06    8.3166503e-06
     0.84315684            0.15666225       0.15666356   -1.3029160e-06    8.3166503e-06
     0.84415584            0.15566547       0.15566677   -1.2946261e-06    8.3166503e-06
     0.84515485            0.15466867       0.15466996   -1.2863359e-06    8.3166503e-06
     0.84615385            0.15367184       0.15367312   -1.2780456e-06    8.3166503e-06
     0.84715285            0.15267500       0.15267627   -1.2697551e-06    8.3166503e-06
     0.84815185            0.15167813       0.15167939   -1.2614645e-06    8.3166503e-06
     0.84915085            0.15068125       0.15068250   -1.2531737e-06    8.3166503e-06
     0.85014985            0.14968434       0.14968558   -1.2448827e-06    8.3166503e-06
     0.85114885            0.14868741       0.14868865   -1.2365915e-06    8.3166503e-06
     0.85214785            0.14769046       0.14769169   -1.2283001e-06    8.3166503e-06
     0.85314685            0.14669349       0.14669471   -1.2200086e-06    8.3166503e-06
     0.85414585            0.14569651       0.14569772   -1.2117170e-06    8.3166503e-06
     0.85514486            0.14469950       0.14470070   -1.2034252e-06    8.3166503e-06
     0.85614386            0.14370247       0.14370367   -1.1951332e-06    8.3166503e-06
     0.85714286            0.14270543       0.14270662   -1.1868410e-06    8.3166503e-06
     0.85814186            0.14170836       0.14170954   -1.1785487e-06    8.3166503e-06
     0.85914086            0.14071128       0.14071245   -1.1702563e-06    8.3166503e-06
     0.86013986            0.13971418       0.13971534   -1.1619636e-06    8.3166503e-06
     0.86113886            0.13871706       0.13871821   -1.1536709e-06    8.3166503e-06
     0.86213786            0.13771992       0.13772107   -1.1453780e-06    8.3166503e-06
     0.86313686            0.13672277       0.13672390   -1.1370849e-06    8.3166503e-06
     0.86413586            0.13572559       0.13572672   -1.1287917e-06    8.3166503e-06
     0.86513487            0.13472840       0.13472952   -1.1204983e-06    8.3166503e-06
     0.86613387            0.13373119       0.13373230   -1.1122048e-06    8.3166503e-06
     0.86713287            0.13273397       0.13273507   -1.1039112e-06    8.3166503e-06
     0.86813187            0.13173672       0.13173782   -1.0956174e-06    8.3166503e-06
     0.86913087            0.13073946       0.13074055   -1.0873234e-06    8.3166503e-06
     0.87012987            0.12974219       0.12974326   -1.0790294e-06    8.3166503e-06
     0.87112887            0.12874489       0.12874596   -1.0707351e-06    8.3166503e-06
     0.87212787            0.12774758       0.12774864   -1.0624408e-06    8.3166503e-06
     0.87312687            0.12675026       0.12675131   -1.0541463e-06    8.3166503e-06
     0.87412587            0.12575291       0.12575396   -1.0458517e-06    8.3166503e-06
     0.87512488            0.12475555       0.12475659   -1.0375570e-06    8.3166503e-06
     0.87612388            0.12375818       0.12375921   -1.0292621e-06    8.3166503e-06
     0.87712288            0.12276079       0.12276181   -1.0209671e-06    8.3166503e-06
     0.87812188            0.12176339       0.12176440   -1.0126719e-06    8.3166503e-06
     0.87912088            0.12076596       0.12076697   -1.0043767e-06    8.3166503e-06
     0.88011988            0.11976853       0.11976952   -9.9608126e-07    8.3166503e-06
     0.88111888            0.11877108       0.11877207   -9.8778574e-07    8.3166503e-06
     0.88211788            0.11777361       0.11777459   -9.7949010e-07    8.3166503e-06
     0.88311688            0.11677613       0.11677710   -9.7119433e-07    8.3166503e-06
     0.88411588            0.11577864       0.11577960   -9.6289844e-07    8.3166503e-06
     0.88511489            0.11478113       0.11478208   -9.5460244e-07    8.3166503e-06
     0.88611389            0.11378360       0.11378455   -9.4630631e-07    8.3166503e-06
     0.88711289            0.11278607       0.11278700   -9.3801007e-07    8.3166503e-06
     0.88811189            0.11178851       0.11178944   -9.2971371e-07    8.3166503e-06
     0.88911089            0.11079095       0.11079187   -9.2141724e-07    8.3166503e-06
     0.89010989            0.10979337       0.10979428   -9.1312065e-07    8.3166503e-06
     0.89110889            0.10879578       0.10879668   -9.0482395e-07    8.3166503e-06
     0.89210789            0.10779817       0.10779907   -8.9652713e-07    8.3166503e-06
     0.89310689            0.10680055       0.10680144   -8.8823021e-07    8.3166503e-06
     0.89410589            0.10580292       0.10580380   -8.7993317e-07    8.3166503e-06
     0.89510490            0.10480527       0.10480614   -8.7163603e-07    8.3166503e-06
     0.89610390            0.10380761       0.10380847   -8.6333878e-07    8.3166503e-06
     0.89710290            0.10280994       0.10281079   -8.5504142e-07    8.3166503e-06
     0.89810190            0.10181225       0.10181310   -8.4674396e-07    8.3166503e-06
     0.89910090            0.10081456       0.10081540   -8.3844639e-07    8.3166503e-06
     0.90009990           0.099816848      0.099817678   -8.3014872e-07    8.3166503e-06
     0.90109890           0.098819126      0.098819948   -8.2185095e-07    8.3166503e-06
     0.90209790           0.097821392      0.097822205   -8.1355307e-07    8.3166503e-06
     0.90309690           0.096823646      0.096824451   -8.0525510e-07    8.3166503e-06
     0.90409590           0.095825888      0.095826685   -7.9695703e-07    8.3166503e-06
     0.90509491           0.094828118      0.094828906   -7.8865885e-07    8.3166503e-06
     0.90609391           0.093830336      0.093831117   -7.8036059e-07    8.3166503e-06
     0.90709291           0.092832543      0.092833315   -7.7206222e-07    8.3166503e-06
     0.90809191           0.091834739      0.091835502   -7.6376376e-07    8.3166503e-06
     0.90909091           0.090836923      0.090837678   -7.5546520e-07    8.3166503e-06
     0.91008991           0.089839095      0.089839842   -7.4716655e-07    8.3166503e-06
     0.91108891           0.088841257      0.088841996   -7.3886781e-07    8.3166503e-06
     0.91208791           0.087843408      0.087844138   -7.3056898e-07    8.3166503e-06
     0.91308691           0.086845547      0.086846270   -7.2227005e-07    8.3166503e-06
     0.91408591           0.085847676      0.085848390   -7.1397104e-07    8.3166503e-06
     0.91508492           0.084849794      0.084850500   -7.0567194e-07    8.3166503e-06
     0.91608392           0.083851902      0.083852599   -6.9737275e-07    8.3166503e-06
     0.91708292           0.082853999      0.082854688   -6.8907347e-07    8.3166503e-06
     0.91808192           0.081856086      0.081856767   -6.8077410e-07    8.3166503e-06
     0.91908092           0.080858162      0.080858835   -6.7247465e-07    8.3166503e-06
     0.92007992           0.079860229      0.079860893   -6.6417512e-07    8.3166503e-06
     0.92107892           0.078862285      0.078862941   -6.5587550e-07    8.3166503e-06
     0.92207792           0.077864331      0.077864979   -6.4757580e-07    8.3166503e-06
     0.92307692           0.076866367      0.076867007   -6.3927602e-07    8.3166503e-06
     0.92407592           0.075868394      0.075869025   -6.3097615e-07    8.3166503e-06
     0.92507493           0.074870411      0.074871034   -6.2267620e-07    8.3166503e-06
     0.92607393           0.073872418      0.073873033   -6.1437618e-07    8.3166503e-06
     0.92707293           0.072874416      0.072875022   -6.0607608e-07    8.3166503e-06
     0.92807193           0.071876404      0.071877002   -5.9777589e-07    8.3166503e-06
     0.92907093           0.070878384      0.070878973   -5.8947563e-07    8.3166503e-06
     0.93006993           0.069880354      0.069880935   -5.8117530e-07    8.3166503e-06
     0.93106893           0.068882314      0.068882887   -5.7287489e-07    8.3166503e-06
     0.93206793           0.067884266      0.067884831   -5.6457440e-07    8.3166503e-06
     0.93306693           0.066886209      0.066886765   -5.5627384e-07    8.3166503e-06
     0.93406593           0.065888143      0.065888691   -5.4797320e-07    8.3166503e-06
     0.93506494           0.064890068      0.064890608   -5.3967249e-07    8.3166503e-06
     0.93606394           0.063891985      0.063892516   -5.3137171e-07    8.3166503e-06
     0.93706294           0.062893893      0.062894416   -5.2307086e-07    8.3166503e-06
     0.93806194           0.061895792      0.061896307   -5.1476994e-07    8.3166503e-06
     0.93906094           0.060897683      0.060898190   -5.0646895e-07    8.3166503e-06
     0.94005994           0.059899566      0.059900064   -4.9816789e-07    8.3166503e-06
     0.94105894           0.058901440      0.058901930   -4.8986676e-07    8.3166503e-06
     0.94205794           0.057903307      0.057903788   -4.8156556e-07    8.3166503e-06
     0.94305694           0.056905165      0.056905638   -4.7326429e-07    8.3166503e-06
     0.94405594           0.055907015      0.055907480   -4.6496296e-07    8.3166503e-06
     0.94505495           0.054908857      0.054909314   -4.5666156e-07    8.3166503e-06
     0.94605395           0.053910692      0.053911140   -4.4836010e-07    8.3166503e-06
     0.94705295           0.052912518      0.052912959   -4.4005857e-07    8.3166503e-06
     0.94805195           0.051914337      0.051914769   -4.3175698e-07    8.3166503e-06
     0.94905095           0.050916149      0.050916572   -4.2345533e-07    8.3166503e-06
     0.95004995           0.049917953      0.049918368   -4.1515361e-07    8.3166503e-06
     0.95104895           0.048919749      0.048920156   -4.0685183e-07    8.3166503e-06
     0.95204795           0.047921538      0.047921936   -3.9854999e-07    8.3166503e-06
     0.95304695           0.046923319      0.046923710   -3.9024808e-07    8.3166503e-06
     0.95404595           0.045925094      0.045925476   -3.8194612e-07    8.3166503e-06
     0.95504496           0.044926861      0.044927235   -3.7364410e-07    8.3166503e-06
     0.95604396           0.043928621      0.043928986   -3.6534202e-07    8.3166503e-06
     0.95704296           0.042930374      0.042930731   -3.5703988e-07    8.3166503e-06
     0.95804196           0.041932120      0.041932469   -3.4873768e-07    8.3166503e-06
     0.95904096           0.040933860      0.040934200   -3.4043543e-07    8.3166503e-06
     0.96003996           0.039935592      0.039935924   -3.3213311e-07    8.3166503e-06
     0.96103896           0.038937318      0.038937641   -3.2383075e-07    8.3166503e-06
     0.96203796           0.037939036      0.037939352   -3.1552832e-07    8.3166503e-06
     0.96303696           0.036940749      0.036941056   -3.0722584e-07    8.3166503e-06
     0.96403596           0.035942455      0.035942753   -2.9892331e-07    8.3166503e-06
     0.96503497           0.034944154      0.034944444   -2.9062072e-07    8.3166503e-06
     0.96603397           0.033945847      0.033946129   -2.8231808e-07    8.3166503e-06
     0.96703297           0.032947533      0.032947807   -2.7401539e-07    8.3166503e-06
     0.96803197           0.031949213      0.031949479   -2.6571264e-07    8.3166503e-06
     0.96903097           0.030950887      0.030951145   -2.5740985e-07    8.3166503e-06
     0.97002997           0.029952555      0.029952804   -2.4910700e-07    8.3166503e-06
     0.97102897           0.028954217      0.028954457   -2.4080410e-07    8.3166503e-06
     0.97202797           0.027955872      0.027956105   -2.3250115e-07    8.3166503e-06
     0.97302697           0.026957522      0.026957746   -2.2419815e-07    8.3166503e-06
     0.97402597           0.025959166      0.025959381   -2.1589510e-07    8.3166503e-06
     0.97502498           0.024960803      0.024961011   -2.0759200e-07    8.3166503e-06
     0.97602398           0.023962435      0.023962635   -1.9928885e-07    8.3166503e-06
     0.97702298           0.022964062      0.022964253   -1.9098566e-07    8.3166503e-06
     0.97802198           0.021965682      0.021965865   -1.8268242e-07    8.3166503e-06
     0.97902098           0.020967297      0.020967471   -1.7437913e-07    8.3166503e-06
     0.98001998           0.019968906      0.019969072   -1.6607579e-07    8.3166503e-06
     0.98101898           0.018970510      0.018970668   -1.5777241e-07    8.3166503e-06
     0.98201798           0.017972108      0.017972258   -1.4946898e-07    8.3166503e-06
     0.98301698           0.016973701      0.016973842   -1.4116551e-07    8.3166503e-06
     0.98401598           0.015975289      0.015975421   -1.3286199e-07    8.3166503e-06
     0.98501499           0.014976871      0.014976995   -1.2455843e-07    8.3166503e-06
     0.98601399           0.013978448      0.013978564   -1.1625483e-07    8.3166503e-06
     0.98701299           0.012980019      0.012980127   -1.0795118e-07    8.3166503e-06
     0.98801199           0.011981586      0.011981686   -9.9647489e-08    8.3166503e-06
     0.98901099           0.010983147      0.010983239   -9.1343755e-08    8.3166503e-06
     0.99000999          0.0099847037     0.0099847867   -8.3039979e-08    8.3166503e-06
     0.99100899          0.0089862550     0.0089863298   -7.4736162e-08    8.3166503e-06
     0.99200799          0.0079878014     0.0079878679   -6.6432304e-08    8.3166503e-06
     0.99300699          0.0069893429     0.0069894010   -5.8128404e-08    8.3166503e-06
     0.99400599          0.0059908796     0.0059909294   -4.9824465e-08    8.3166503e-06
     0.99500500          0.0049924114     0.0049924529   -4.1520485e-08    8.3166503e-06
     0.99600400          0.0039939384     0.0039939717   -3.3216466e-08    8.3166503e-06
     0.99700300          0.0029954608     0.0029954857   -2.4912407e-08    8.3166503e-06
     0.99800200          0.0019969785     0.0019969951   -1.6608310e-08    8.3166503e-06
     0.99900100         0.00099849152    0.00099849983   -8.3041738e-09    8.3166503e-06
      1.0000000             0.0000000        0.0000000        0.0000000        0.0000000
